 100  76  71  75  85  80  72  72  67  77
  76 100  67  78  77  71  68  64  61  69
  71  67 100  73  69  65  65  67  63  66
  75  78  73 100  78  69  72  73  64  71
  85  77  69  78 100  80  70  73  64  74
  80  71  65  69  80 100  70  69  67  79
  72  68  65  72  70  70 100  67  66  73
  72  64  67  73  73  69  67 100  65  72
  67  61  63  64  64  67  66  65 100  68
  77  69  66  71  74  79  73  72  68 100
